
000005       0001.63733e-005      000000006.43333
000010       0003.08633e-005      0000000000006.6
000025       000006.131e-005      0000000000006.6
000050       00000.000115987      0000000000006.6
000100       00000.000185823      000000006.43333
000250       00000.000440927      0000000000006.6
000500       000000.00104851      0000000000006.6
001000       000000.00230806      0000000000006.6
002500       000000.00843899      0000000000006.6
005000       0000000.0249852      000000006.43333
010000       0000000.0778474      000000006.43333
025000       0000000000.5018      000000000000007
000005       0003.21533e-005      000000006.43333
000010       0004.15733e-005      0000000000006.6
000025       0006.82867e-005      0000000000006.6
000050       00000.000126033      0000000000006.6
000100       00000.000204697      000000006.43333
000250       000000.00067274      0000000000006.6
000500       000000.00131104      0000000000006.6
001000       000000.00263167      0000000000006.6
002500       000000.00988343      0000000000006.6
005000       0000000.0285557      000000006.43333
010000       0000000.0880149      000000006.43333
025000       000000000.49575      000000000000007
000005       0001.81033e-005      000000006.43333
000010       00000.000100893      0000000000006.6
000025       0009.55033e-005      0000000000006.6
000050       00000.000165443      0000000000006.6
000100       00000.000288247      000000006.43333
000250       000000.00150668      0000000000006.6
000500       000000.00155738      0000000000006.6
001000       000000.00314873      0000000000006.6
002500       0000000.0105959      0000000000006.6
005000       0000000.0293985      000000006.43333
010000       00000000.083372      000000006.43333
025000       00000000.486794      000000000000007